0.008688
0.021816
0.009311
0.016873
0.017278
0.006116
0.004948
0.013168
0.009535
0.007612
0.004289
0.000125
0.017087
0.013065
0.002135
0.010424
0.002556
0.006384
0.010317
0.008798
0.009986
0.003016
0.003614
0.008041
0.008183
0.008675
0.014224
0.013988
0.003215
0.00884
0.013248
0.010248
0.001968
0.005338
0.00185
0.015594
0.003882
0.011487
0.006725
0.000282
0.005647
0.008925
0.01698
0.018302
0.00519
0.004487
0.002359
0.002261
0.003099
0.010641
0.000287
0.003429
0.013332
0.007352
0.016631
0.018155
0.000946
0.011957
0.002454
0.000545
0.005256
0.002156
0.00429
0.011899
0.010178
0.004092
0.015238
0.015474
0.016593
0.00362
0.013505
0.015553
0.000877
0.006696
0.014406
0.016014
0.007809
0.008403
0.000376
0.001774
0.003188
0.005287
0.016683
0.017581
0.013203
0.001831
0.000976
0.001178
0.00266
0.00295
0.003566
0.011758
0.012874
0.016831
0.012269
0.017083
0.006952
0.013299
0.006449
0.005406
0.015781
0.016689
0.01674
0.010419
0.014526
0.011962
0.017306
0.0047
0.011935
0.003098
0.005049
0.00752
0.00274
0.012767
0.012771
0.007618
0.004869
0.01497
0.004758
0.004842
0.017766
0.001066
0.015153
0.014665
0.015199
0.008909
0.014765
0.016087
0.009954
0.009871
0.005591
0.016628
0.001793
0.006332
0.013999
0.001976
0.000137
0.013828
0.014982
0.005065
0.016244
0.017986
0.012242
0.005814
0.016192
0.00116
0.017418
0.012298
0.013699
0.008571
0.009866
0.006252
0.010624
0.008261
0.002202
0.01023
0.012475
0.001165
0.013345
0.007056
0.006178
0.014581
0.015689
0.009687
0.007394
0.017869
0.01725
0.016969
0.012735
0.006801
0.006043
0.006161
0.00044
0.007618
0.002292
0.008187
0.023558
0.015134
0.003406
0.011064
0.010142
0.002204
0.003764
0.014574
0.001038
0.000563
0.014996
0.006461
0.012726
0.015715
0.020781
0.013862
0.013454
0.00861
0.01689
0.014206
0.00362
0.017628
0.016314
0.009686
0.009339
0.003679
0.005071
0.008536
0.006779
0.001828
0.010186
0.014984
0.003576
0.010152
0.017586
0.009217
0.015788
0.01463
0.000581
0.008778
0.005835
0.011262
0.00615
0.018347
0.01571
0.002653
0.005067
0.007373
0.003445
0.010385
0.003237
0.002476
0.01767
0.018134
0.015293
0.000253
0.001804
0.010556
0.014074
0.000394
0.013232
0.000256
0.009649
0.014035
0.015535
0.010173
0.000696
0.006225
0.013881
0.015748
0.010092
0.006041
0.013528
0.002804
0.00815
0.008452
0.004529
0.018172
0.004475
0.007883
0.009064
0.014818
0.00938
0.013376
0.008609
0.013995
0.005233
0.009111
0.009563
0.000551
0.009727
0.021618
0.010249
0.000557
0.014233
0.016929
0.006424
0.004743
0.003518
0.005991
0.011877
0.007425
0.015368
0.001753
0.015506
0.017727
0.01464
0.011385
0.010574
0.000596
0.005108
0.015496
0.016467
0.010124
0.01292
0.014813
0.003566
0.0175
0.000151
0.01552
0.013892
0.01832
0.0133
0.016684
0.017267
0.018302
0.011888
0.0066
0.01151
0.013901
0.00653
0.009094
0.001947
0.013512
0.000371
0.008949
0.005538
0.017967
0.0057
0.014212
0.005626
0.011804
0.01104
0.016296
0.012478
0.009571
0.014705
0.017962
0.00695
0.014487
0.005742
0.011774
0.012535
0.011978
0.013995
0.003062
0.003446
0.007283
0.000253
0.004445
0.009959
0.016954
0.0181
0.007678
0.008201
0.019402
0.001584
0.015771
0.005409
0.017306
0.016612
0.005419
0.004657
0.003325
0.009159
0.008991
0.00255
0.004435
0.001597
0.000405
0.010978
0.022019
0.000231
0.001918
0.017198
0.002983
0.0146
0.007695
0.0047
0.00244
0.008763
0.008776
0.011233
0.015605
0.004363
0.022825
0.003825
0.00965
0.011912
0.007853
0.010724
0.002587
0.015791
0.003228
0.014827
0.002176
0.004465
0.013567
0.007894
0.016102
0.002549
0.016742
0.003709
0.004791
0.005557
0.011958
0.017396
0.002935
0.00918
0.006689
0.001838
0.004888
0.004848
0.011289
0.008326
0.013305
0.003817
0.008718
0.001601
0.007052
0.011617
0.006594
0.018079
0.014277
0.001922
0.000127
0.017557
0.010812
0.01595
0.004995
0.003249
0.013522
0.001862
0.010273
0.007897
0.007528
0.001666
0.009717
0.010953
0.017526
0.008786
0.011467
0.001523
0.014941
0.000364
0.007564
0.002325
0.000395
0.001141
0.001433
0.004305
0.006344
0.013297
0.017615
0.010683
0.014631
0.003419
0.005549
0.003711
0.011708
0.004901
0.012967
0.005473
0.013515
0.010438
0.012927
0.009397
0.008763
0.016837
0.017789
0.005704
0.001271
0.004313
0.011497
0.011311
0.003912
0.013089
0.000466
0.013257
0.000367
0.017029
0.017394
0.010059
0.014973
0.014748
0.014376
0.010111
0.003069
0.016862
0.008068
0.013662
0.011931
0.003815
0.009982
0.003679
0.006901
0.014813
0.008868
0.012434
0.010323
0.005876
0.007746
0.013803
0.001525
0.012987
0.004269
0.017631
0.002521
0.003089
0.000645
0.015824
0.012981
0.01095
0.019923
0.010116
0.016235
0.012303
0.011411
0.017201
0.000464
0.013779
0.011768
0.019617
0.003418
0.018669
0.007826
0.014849
0.002994
0.017221
0.010772
0.000353
0.009586
0.004915
0.011227
0.001853
0.004193
0.017571
0.00118
0.008272
0.000284
0.015294
0.012483
0.01299
0.011203
0.004556
0.016804
0.005593
0.000363
0.007083
0.005565
0.020748
0.016533
0.010985
0.015679
0.004523
0.01093
0.000176
0.012529
0.011387
0.004198
0.015894
0.002444
0.019848
0.00956
0.003323
0.001395
0.015252
0.008186
0.010223
0.002497
0.002941
0.009358
0.007515
0.011275
0.001944
0.008908
0.014668
0.022578
0.00435
0.013543
0.012112
0.002772
0.013858
0.015044
0.009072
0.001572
0.016145
0.01138
0.007125
0.005104
0.003995
0.013931
0.004327
0.000802
0.009329
0.006177
0.001565
0.004303
0.000474
0.007536
0.004394
0.004099
0.01759
0.001452
0.017178
0.000813
0.00362
0.013029
0.006561
0.000124
0.005667
0.012851
0.001535
0.008271
0.01513
0.003714
0.017865
0.016633
0.012017
0.00454
0.015854
0.008587
0.000811
0.013792
0.005936
0.014599
0.004226
0.005808
0.002382
0.010082
0.005065
0.004873
0.0123
0.002211
0.013469
0.006627
0.015758
0.006458
0.014776
0.010554
0.01298
0.015849
0.014505
0.007215
0.017987
0.017689
0.006012
0.002153
0.000767
0.009898
0.015405
0.009309
0.012537
0.011205
0.003704
0.006794
0.001863
0.00641
0.00801
0.003198
0.009459
0.010834
0.012277
0.007572
0.018127
0.010781
0.011591
0.003203
0.011992
0.014245
0.01007
0.008593
0.002406
0.01175
0.014208
0.009993
0.006815
0.012442
0.011224
0.004401
0.012833
0.001114
0.011369
0.009676
0.014468
0.010455
0.000513
0.007574
0.016411
0.015756
0.009763
0.014659
0.007584
0.018594
0.011167
0.017001
0.00073
0.009044
0.00225
0.01341
0.001037
0.013607
0.004721
0.002449
0.012202
0.004238
0.006381
0.012924
0.005405
0.000643
0.008809
0.009377
0.000553
0.015203
0.003473
0.007997
0.004827
0.008156
0.006362
0.008976
0.013401
0.017608
0.009998
0.016989
0.004934
0.000778
0.006464
0.005714
0.016083
0.002973
0.003436
0.01158
0.007959
0.010987
0.015089
0.000282
0.00019
0.013512
0.003651
0.013951
0.002781
0.015517
0.006551
0.015173
0.00583
0.007514
0.000373
0.012475
0.002531
0.004127
0.016798
0.015242
0.001675
0.011417
0.012977
0.011266
0.010504
0.013863
0.00317
0.001088
0.004649
0.01254
0.008661
0.009839
0.008658
0.003877
0.008597
0.009035
0.009006
0.017766
0.005401
0.012026
0.002773
0.015397
0.0046
0.002949
0.001342
0.016781
0.014781
0.00864
0.013994
0.005635
0.016802
0.010071
0.003182
0.014458
0.009986
0.012233
0.011057
0.003042
0.012551
0.000169
0.011086
0.008795
0.017101
0.010285
0.009041
0.005161
0.000902
0.017566
0.008821
0.001377
0.014536
0.014233
0.012972
0.007237
0.005053
0.01224
0.017152
0.002579
0.016463
0.002174
0.00307
0.010583
0.00775
0.013828
0.013268
0.012142
0.001522
0.007812
0.013488
0.016955
0.004807
0.002867
0.017146
0.013785
0.008404
0.017875
0.002396
0.000172
0.011236
0.002308
0.014468
0.005414
0.022334
0.007721
0.013601
0.002522
0.014468
0.017163
0.006752
0.004093
0.011197
0.019805
0.009538
0.01702
0.012017
0.002609
0.000264
0.004712
0.002598
0.017145
0.014804
0.011382
0.00276
0.004167
0.002764
0.002128
0.005379
0.004278
0.012279
0.00205
0.012549
0.003578
0.007119
0.010828
0.005701
0.007189
0.005009
0.011948
0.011888
0.006295
0.013004
0.020746
0.017625
0.015591
0.011664
0.015337
0.00151
0.002479
0.000258
0.01582
0.00296
0.012766
0.014367
0.000359
0.012292
0.008629
0.010006
0.009056
0.013762
0.006686
0.002499
0.014351
0.010394
0.019255
0.017014
0.014259
0.015276
0.006503
0.003503
0.010603
0.004779
0.017582
0.017306
0.011477
0.004461
0.016145
0.008475
0.00877
0.004399
0.000939
0.004895
0.009144
0.01265
0.016264
0.016582
0.012713
0.011272
0.011671
0.016778
0.000448
0.015509
0.009203
0.004637
0.00938
0.015711
0.01304
0.006285
0.00259
0.013026
0.007132
0.017382
0.016854
0.009848
0.015832
0.015075
0.015766
0.016045
0.011115
0.001736
0.008141
0.00468
0.001523
0.000858
0.005019
0.021737
0.014652
0.004135
0.010374
0.010523
0.009393
0.005703
0.018107
0.005434
0.017666
0.012163
0.015552
0.004696
0.005785
0.015982
0.000601
0.008654
0.008142
0.004122
0.01495
0.003083
0.013075
0.00648
0.011815
0.008371
0.002941
0.004494
0.015969
0.001118
0.010812
0.015841
0.016662
0.007199
0.013329
0.00358
0.005671
0.014966
0.019559
0.010992
0.012939
0.000287
0.012845
0.005912
0.014066
0.006158
0.002703
0.011295
0.008533
0.003961
0.005133
0.014373
0.009561
0.005158
0.011106
0.005044
0.001475
0.0118
0.01495
0.00261
0.007489
0.01667
0.011058
0.008483
0.007029
0.010466
0.010795
0.002676
0.001477
