1.84372
0.958441
1.82006
1.79752
1.83832
1.75648
0.341497
0.721058
1.48874
0.79777
1.69419
1.76011
1.96721
1.82776
0.009791
1.90028
0.112355
1.62289
2.00783
1.27334
1.7585
0.183344
1.7383
1.7389
1.76729
1.8421
0.291525
0.910789
1.9472
1.14759
1.72302
1.73055
1.80245
0.21043
0.171257
1.16587
0.007138
1.81296
0.471579
0.562508
1.2388
1.72159
0.868761
1.72343
0.063044
0.471521
0.004503
0.991092
1.72679
0.027254
0.393399
0.7593
1.30533
0.324019
0.129454
1.84644
1.88662
1.84983
1.7412
1.38515
0.321231
0.574533
1.37485
1.66234
1.65824
1.64957
1.6368
1.63329
0.859831
1.0908
1.8908
1.77754
1.71479
1.5538
1.84258
1.90791
0.634608
0.747165
0.21823
1.61493
1.64568
1.65249
1.6236
0.018349
0.7528
1.65922
1.57675
1.61905
1.7173
0.767192
1.80227
1.74317
0.052025
1.61449
1.49076
1.1168
1.82482
1.75782
1.64268
0.501679
0.086413
1.17334
1.62715
0.882405
1.78473
1.74329
1.65152
0.630003
1.41259
0.278991
1.63772
1.61734
1.12363
0.79263
1.53379
0.156826
1.61491
1.05587
1.22647
1.61789
0.651907
0.127361
0.300631
1.65667
0.137564
0.473025
1.61372
1.41271
1.62945
0.819973
0.097269
1.6301
0.849864
1.63183
0.479865
0.910199
0.002351
0.014836
1.6276
1.11962
0.533022
1.56767
1.6539
0.02768
0.687459
0.278979
1.59174
1.60321
0.847994
1.6406
1.6511
0.251715
1.62582
1.65682
1.88934
1.90859
1.01867
1.78809
1.90055
1.19498
1.99414
1.96237
1.98054
1.90751
1.92432
0.016212
1.9011
0.263728
1.24748
0.61768
0.250998
1.69964
0.189706
1.45088
0.015051
1.77254
1.14822
0.198304
1.66178
1.65051
0.717048
0.0097
1.62961
1.07182
0.247011
1.63296
0.614088
1.62465
1.61421
1.06082
1.12108
0.113998
1.62442
1.03029
0.940692
0.599826
1.58709
0.925298
1.6176
1.60696
1.56416
0.427995
1.62033
1.59972
0.632796
1.59342
1.60208
0.008754
1.59356
1.60852
1.6878
0.160155
0.113143
0.432072
0.393558
0.297177
1.60126
0.684217
0.621782
1.60535
1.16204
0.535851
0.988756
0.64171
1.59758
0.59403
1.56265
1.61007
0.239148
0.449254
1.61559
1.57698
0.130443
1.6053
1.39078
0.249556
1.61345
1.59202
1.60742
1.58046
1.55756
0.191387
1.11786
0.891377
0.013955
0.396944
0.567178
0.372126
1.5973
1.08605
0.401923
0.92999
1.5424
1.55786
1.59748
1.32893
1.61624
0.658558
1.61401
1.5793
1.46591
1.23375
0.266725
1.57857
1.2891
1.48833
1.5826
1.51785
0.795033
1.59539
0.003645
1.55421
0.929437
0.004253
1.26943
1.59544
1.58878
1.38133
1.49963
1.56433
0.444108
1.12782
1.58119
0.011796
0.695907
1.56577
0.178057
0.916337
1.62732
1.12141
1.34408
0.010403
1.63935
0.623822
0.369029
1.59924
0.379027
0.022064
1.46476
1.00991
0.599072
0.542747
1.70943
0.115613
1.58563
1.45572
0.008501
0.004663
0.29768
0.155079
1.61024
1.60825
1.2447
0.813986
0.666376
1.04633
1.61882
1.39289
1.59421
0.200789
0.005707
1.596
0.261676
1.59085
1.51306
0.856875
1.59445
0.645673
1.52238
1.42172
1.57469
0.984392
0.617144
1.60051
0.735616
1.58484
0.051532
1.57878
1.6085
1.58782
1.09157
1.64268
0.023947
1.8414
1.80392
1.3325
1.71239
0.051406
0.633896
0.972279
0.738944
1.26092
1.72291
1.75186
1.11204
1.45383
1.86075
1.82168
1.53067
2.20992
1.03275
1.90803
0.708126
1.66699
0.698641
1.58147
1.84242
0.629221
0.099168
0.064851
0.019547
0.000948
1.94524
0.017785
1.85823
0.037829
0.001749
1.74005
0.104322
0.117806
1.69265
1.71813
1.98302
1.84362
1.92667
0.47618
0.933957
0.625092
1.98672
0.049198
0.518597
1.87371
1.78588
1.19687
1.69312
0.249764
0.446585
1.59929
0.016062
1.64741
0.111894
0.216273
1.34875
1.60908
0.351855
0.976738
1.593
0.059094
1.15031
1.09825
1.85858
1.59097
1.6029
1.09544
1.81482
0.162704
0.274377
0.105223
1.601
0.745722
0.29535
1.58131
1.58376
1.52704
1.62665
0.431911
1.56605
0.97741
1.34924
1.05038
0.677314
1.5872
1.5665
0.092684
1.58912
1.57729
0.607533
1.58942
0.360063
1.32048
1.49341
1.07181
1.58391
0.00038
0.004261
0.190814
1.57425
0.03296
0.018914
0.536805
1.55658
0.340144
1.58229
1.34573
1.11568
1.57266
1.47373
1.57945
1.59063
0.292131
1.5613
1.60333
0.61088
1.4366
1.5418
1.58921
1.23807
0.114573
1.56363
1.08027
1.56746
0.057226
0.565194
0.002084
1.5571
1.51706
1.39168
1.57372
1.6086
1.50316
1.55279
1.5825
0.137091
1.58987
0.045806
0.670723
1.56543
0.881215
0.857042
1.57003
0.496224
1.42569
0.333552
1.57743
0.243724
1.50132
1.54154
0.103852
1.61106
1.24408
1.30252
1.60328
1.59461
1.61004
1.55872
1.54741
1.52561
1.37082
1.58042
1.57532
1.86834
1.79631
1.53162
1.55342
1.58323
1.56756
0.38432
0.222603
0.912659
1.56801
1.57795
0.086046
1.55154
0.64541
1.63959
1.23162
0.165908
1.3815
0.681174
1.57115
1.4145
0.851958
0.012791
0.877448
0.383965
1.05005
0.000154
0.001419
0.225039
0.824301
1.53538
1.57076
1.5955
0.301061
1.55754
1.59444
0.404502
0.198595
1.40779
0.002979
2.4e-05
0.434018
1.51649
0.12494
1.59359
0.130305
1.5665
1.58145
0.880989
1.55862
0.232005
1.5413
0.852077
0.873321
1.5717
1.47797
0.04272
0.015507
1.54487
0.002033
1.49518
0.598968
1.57271
0.19111
0.808363
1.59886
0.109636
1.56129
0.631388
1.56602
1.31526
0.002248
0.006535
0.007805
8e-06
1.54947
1.56212
0.374058
1.57809
1.60615
0.658253
0.0235
1.5734
1.42592
0.967456
1.21363
1.5823
0.136929
1.54144
1.32105
0.587522
1.15658
1.63885
0.00114
0.649115
1.42413
1.32804
0.364363
1.41106
0.862134
0.533075
1.24794
1.35729
1.50365
0.036436
0.033538
1.5518
1.11549
1.56484
1.61188
0.431313
1.57242
0.026155
0.459118
0.347792
0.024323
1.58557
1.55265
0.96674
1.57602
1.55738
0.938836
0.556399
0.081963
0.006204
0.073051
1.62057
1.58844
0.122474
1.60196
0.345157
1.55417
1.59883
1.02287
1.50758
1.5294
1.58048
1.31632
1.55146
1.46321
0.020435
1.12244
0.155302
1.41467
1.54422
1.44602
1.61104
1.62956
1.59089
1.57384
0.040149
1.60737
1.54514
1.51459
0.497092
1.17854
0.610363
0.32337
0.639996
1.37917
0.090228
0.005218
1.589
0.780414
0.464145
1.49606
1.6359
1.32275
1.09929
0.086601
0.087438
0.601503
0.240247
0.942112
1.35644
1.15566
1.53341
1.25126
0.334317
1.17536
1.64051
0.001707
1.62594
1.00059
0.791557
1.43848
1.09139
1.61313
0.067229
1.58755
1.56019
1.45244
0.085106
0.044547
1.53858
1.55821
0.73875
1.5284
0.384389
0.185958
1.58721
0.022302
1.06375
1.29419
1.57444
1.16628
1.32546
1.54773
1.55119
0.008056
0.561422
0.89294
0.527206
0.792495
1.30393
1.56309
0.740103
1.58184
1.56557
1.56347
0.443526
1.58522
0.741479
1.59822
1.55557
0.055737
0.019747
1.14908
1.22609
0.126227
1.49194
1.21435
0.280479
0.054244
0.674674
1.5858
0.660206
0.024996
1.1386
1.58611
1.56569
1.59569
0.406595
0.686586
0.260204
1.05534
1.55961
0.330622
0.421174
0.258347
0.945236
1.57824
1.24195
1.68788
1.45557
0.744448
1.81117
0.00125
1.03731
0.102167
1.42969
1.75828
0.707407
1.84796
0.206919
1.8745
0.069704
1.07035
1.84764
1.602
0.252627
0.279331
0.179871
0.424635
1.84357
1.63912
0.131936
0.790423
1.64206
0.716299
1.98378
1.84851
1.78265
1.75433
1.6762
0.250923
1.15078
1.47814
1.52812
0.441288
1.68869
1.77029
1.70604
1.69664
1.72205
1.6304
0.038331
1.69201
1.68287
0.739967
1.68434
0.888364
1.70116
0.745921
1.69188
1.02431
0.114769
1.70453
0.04866
0.313711
1.51059
1.6617
1.68695
1.28424
0.658578
1.69217
0.476351
1.67366
1.60844
1.66987
0.806218
0.607179
1.66402
1.68626
1.69829
0.064828
0.356088
0.272805
0.000164
0.017276
0.627717
1.72882
1.67869
0.944987
1.67012
0.451919
0.303921
1.4474
1.68788
0.043675
0.263908
1.7018
1.65406
1.24548
1.48222
0.961339
0.727907
0.842112
0.226474
1.65242
0.221771
0.112142
1.3423
0.243143
1.60059
0.49932
0.136989
0.118768
1.44747
1.57343
0.091739
1.69279
1.62525
0.398981
1.03
0.022279
0.005853
1.6578
0.528826
1.67533
1.26289
1.72584
1.58539
1.25789
0.159101
1.03117
1.73978
0.652036
0.006136
1.69822
0.796108
0.512465
0.648297
1.72138
1.60062
1.0768
0.055854
0.7511
0.194345
0.622204
1.69646
1.67351
1.67274
1.23953
1.68813
1.54538
1.61716
0.022732
1.6269
1.50935
1.24815
1.22226
1.65124
0.064153
0.640124
1.66491
0.04437
1.66773
0.43312
1.68309
0.458708
1.65713
1.67782
1.6653
1.6569
0.302661
1.77108
1.69126
1.29838
1.64159
1.17671
0.038823
1.40704
1.57632
1.59456
1.53401
1.56062
1.58987
1.64565
1.31413
1.06774
1.47762
1.54081
0.315064
0.015251
1.28405
1.48736
0.279025
1.39964
1.6574
1.35514
1.66521
0.057813
1.53484
1.59836
1.6727
0.600265
1.54801
1.17236
0.298924
0.443041
1.17256
1.60836
1.48437
0.194565
1.73508
1.69776
1.6675
0.283579
1.69988
1.59415
0.576462
1.40368
1.13648
1.50763
0.816986
1.69438
1.69659
0.010535
0.155606
1.1185
0.382442
1.55401
1.01253
0.659111
0.156926
1.39534
1.63862
1.6968
1.62749
0.376247
1.7194
1.47883
1.67542
0.298495
0.88497
1.68361
1.6164
0.092484
0.24308
