1.79871
0.962298
1.77382
1.82024
1.65897
2.07884
0.46452
0.951631
1.88186
1.21887
2.0038
1.95501
2.02251
1.90479
0.012037
1.96053
0.102498
1.67413
2.27136
1.46364
1.92969
0.204424
1.98693
2.0635
1.98261
1.83375
0.278178
0.855934
1.897
1.14843
1.86569
1.85785
1.8479
0.171721
0.158049
1.20435
0.00679
1.96568
0.506194
0.691199
1.66553
2.05949
0.989766
1.87419
0.070301
0.546811
0.004065
1.1217
1.98113
0.031328
0.410372
0.809098
1.39292
0.332992
0.157172
1.70862
1.72037
1.7419
1.87016
1.52441
0.364739
0.645044
1.55992
1.8663
1.82662
1.91491
1.85203
1.90783
0.963698
1.14636
1.77289
1.77564
1.73302
1.63938
1.98448
1.83186
0.691004
0.726306
0.249579
1.80826
1.84543
1.90244
1.89055
0.018587
0.840413
1.79219
1.84781
1.73727
1.79375
0.749435
1.77753
1.77678
0.061305
1.96662
1.79453
1.25222
2.17685
2.1699
1.9678
0.587711
0.117107
1.38263
2.01191
1.01734
1.92614
1.93355
1.99998
0.768254
1.64608
0.331861
1.97475
2.23277
1.43583
0.946876
1.90477
0.191654
2.00168
1.33174
1.49514
2.20602
0.805993
0.17671
0.367024
2.02493
0.190226
0.598214
1.99135
1.7689
2.05983
1.07743
0.121983
2.074
1.1278
2.0971
0.552112
1.11566
0.001933
0.020287
1.92341
1.32256
0.620717
1.98571
2.16835
0.037604
0.903076
0.360325
2.19964
2.18066
1.13614
1.96059
1.95768
0.31587
2.15419
2.02587
1.87702
1.83057
0.983758
2.14209
2.21387
1.33704
2.14135
2.08835
2.01885
2.09528
2.16255
0.0135
1.88441
0.269632
1.31373
0.592421
0.255054
1.52317
0.138508
1.21406
0.013641
1.59803
1.07516
0.179443
1.63619
1.65406
0.701626
0.009413
1.64229
1.02948
0.244124
1.6226
0.599813
1.6124
1.62445
1.06576
1.13327
0.113541
1.60001
1.0212
0.927365
0.611229
1.74817
1.09848
1.86789
1.60481
1.58634
0.430825
1.61372
1.59432
0.609713
1.58195
1.61262
0.008691
1.6393
1.5792
1.59518
0.190336
0.134051
0.481453
0.542408
0.368932
1.85191
0.741669
0.694138
1.90488
1.49309
0.705595
1.16534
0.717326
1.91773
0.671348
1.81164
1.85586
0.314985
0.561271
1.84054
1.89641
0.154264
1.86336
1.6586
0.291003
2.05364
1.77812
1.68861
1.84229
1.85419
0.209432
1.39096
1.08822
0.015424
0.448701
0.663831
0.439622
1.91336
1.2985
0.507461
1.0834
1.80346
1.87963
1.87905
1.54065
1.82802
0.733925
1.87165
1.80318
2.13699
1.44061
0.310851
1.81393
1.46273
1.67714
1.86915
1.78909
0.955403
1.80765
0.00418
1.81816
1.13621
0.004342
1.50061
1.72065
1.59685
1.3942
1.72166
1.81201
0.503014
1.27734
1.79258
0.014495
0.805944
1.82136
0.19614
1.02411
1.84163
1.2561
1.57186
0.011548
1.94336
0.727894
0.409612
1.76604
0.398592
0.02381
1.60737
1.10266
0.679978
0.580184
1.79872
0.112764
1.90742
1.68293
0.008989
0.005214
0.355964
0.182416
1.82124
1.7829
1.2927
0.834892
0.681158
1.05797
1.55967
1.37749
1.56171
0.203725
0.006139
1.60787
0.26128
1.61011
1.49978
0.849927
1.58721
0.650812
1.54467
1.40886
1.60103
0.978309
0.622024
1.58078
0.701302
1.59686
0.05695
1.59099
1.59076
1.58555
1.13973
1.57255
0.023264
1.51207
1.60799
1.17462
1.40594
0.035131
0.560186
0.880375
0.662484
1.17592
1.56942
1.63364
1.32368
1.3463
1.56248
1.68832
1.50308
1.78118
0.891679
1.8471
0.679663
1.61993
0.663054
1.47612
1.82789
0.612286
0.098144
0.067573
0.021321
0.001195
1.7952
0.015286
1.78436
0.038008
0.001678
1.87023
0.120269
0.133397
1.82174
1.8169
1.8018
1.72032
1.83399
0.473068
0.896683
0.609489
1.76859
0.044719
0.418874
1.78209
1.82675
1.15047
1.80931
0.33407
0.548284
1.83772
0.016121
1.5266
0.101181
0.234591
1.36874
1.62544
0.410949
1.07373
1.79333
0.065076
1.30181
1.0664
1.65522
1.73501
1.59385
0.991168
1.58485
0.132628
0.222683
0.097085
1.86989
0.876005
0.322424
2.05927
1.74961
1.76434
1.69097
0.427823
1.56454
0.958319
1.52314
1.19236
0.789638
1.67688
1.69521
0.117814
1.93547
1.84269
0.698355
1.68363
0.404334
1.54333
1.46725
1.07678
1.7711
0.000498
0.005611
0.208691
1.74558
0.032777
0.01891
0.531874
1.56665
0.342846
1.56478
1.31459
1.10657
1.57868
1.48337
1.58
1.54987
0.293014
1.57473
1.55611
0.60479
1.44076
1.55659
1.58197
1.24755
0.115024
1.57455
1.06834
1.57939
0.056969
0.571586
0.002202
1.56249
1.5365
1.36652
1.57018
1.57503
1.48164
1.59503
1.56208
0.143193
1.57418
0.046047
0.686707
1.57425
0.895234
0.864321
1.58764
0.578981
1.63509
0.331508
1.55751
0.291985
1.76234
1.81461
0.121784
1.83568
1.32531
1.30112
1.56348
1.56716
1.56366
1.56022
1.58096
1.53447
1.37178
1.56785
1.52254
1.52213
1.57756
1.48615
1.5365
1.56169
1.56828
0.377309
0.227238
0.908097
1.56848
1.56022
0.085536
1.53392
0.656566
1.57439
1.2204
0.153702
1.35442
0.691601
1.54832
1.39406
0.857221
0.012438
0.884649
0.384407
1.05005
0.000147
0.00133
0.225579
0.825769
1.5167
1.78944
1.82966
0.341727
1.79757
1.80651
0.475827
0.223173
1.57154
0.003038
2.9e-05
0.490676
1.72375
0.151962
1.79072
0.138035
1.79719
1.77262
1.03169
1.77151
0.240466
1.70909
0.968192
1.03161
1.79028
1.72503
0.048615
0.017775
1.87935
0.002048
1.63666
0.603388
1.5645
0.198373
0.759648
1.57272
0.102034
1.57774
0.624794
1.56935
1.2654
0.002322
0.006631
0.007602
9e-06
1.54972
1.57808
0.369655
1.59062
1.55681
0.647872
0.025284
1.57644
1.44778
0.919516
1.224
1.55868
0.135387
1.65745
1.56048
0.686704
1.30322
1.88992
0.001243
0.73012
1.60346
1.64303
0.400023
1.62656
0.990538
0.637638
1.4465
1.53358
1.60195
0.044053
0.040723
1.83871
1.37615
1.82027
1.73863
0.513147
1.84607
0.032296
0.531435
0.408071
0.0266
1.78777
1.73169
1.13404
1.78201
1.81503
1.01309
0.703321
0.104669
0.006627
0.079346
1.76092
1.79194
0.145668
1.76646
0.405321
1.77616
1.81502
1.20021
1.62937
1.69939
1.76791
1.54744
1.7995
1.55196
0.020051
1.11355
0.159483
1.48292
1.84176
1.58336
1.82679
1.96255
1.79991
1.83462
0.050733
1.98734
1.83952
1.77388
0.589451
1.42995
0.740805
0.381875
0.781001
1.69059
0.101362
0.006257
1.83483
0.9012
0.548374
1.78256
1.86435
1.61936
1.30932
0.098683
0.116979
0.693156
0.266352
1.03852
1.53387
1.28586
1.69705
1.29165
0.338914
1.17315
1.78918
0.002375
1.90864
1.17778
0.932458
1.73653
1.27307
1.90789
0.087552
1.97658
1.71995
1.58353
0.103976
0.052248
1.8224
1.85107
0.816784
1.61567
0.400692
0.196845
1.92454
0.030669
1.28001
1.57684
1.80782
1.41678
1.61728
1.81402
1.86451
0.009871
0.678555
1.04966
0.635189
0.947797
1.59519
1.93026
0.906322
1.90425
1.85012
1.88572
0.471895
1.71852
0.877861
1.81126
1.75928
0.06005
0.023027
1.36186
1.36278
0.12712
1.66209
1.53762
0.338941
0.063249
0.819823
1.92425
0.746989
0.026596
1.26402
1.82397
1.71704
1.82217
0.470038
0.865634
0.354338
1.25568
1.80424
0.378217
0.473768
0.297648
1.09765
1.76585
1.35032
1.89732
1.62794
0.814024
1.86189
0.001588
1.10762
0.113043
1.31819
1.88222
0.767687
1.79476
0.206231
1.8497
0.078607
1.08197
1.87568
1.59723
0.259989
0.293858
0.162285
0.386446
1.73051
1.87588
0.157266
0.987905
1.82491
0.69147
1.87081
1.75858
1.85785
1.77514
1.88701
0.285953
1.32688
1.69563
1.78945
0.520528
2.07842
2.00251
1.7642
1.77526
1.91035
1.83612
0.044213
1.86742
1.91262
0.759335
1.81201
0.953514
1.82566
0.844077
1.8901
1.11826
0.12998
1.86577
0.061123
0.375314
1.72128
1.92338
1.98113
1.29012
0.629679
1.68528
0.511215
1.9348
1.78445
1.76084
0.896052
0.671251
1.68862
1.90984
1.92336
0.092266
0.437717
0.352984
0.00015
0.019785
0.772095
1.91577
1.85522
1.06121
1.85387
0.487212
0.346543
1.6453
1.8774
0.045952
0.289442
1.73997
1.7851
1.33108
1.59513
1.17846
0.806378
0.872645
0.233999
1.79911
0.210682
0.111298
1.41225
0.232206
1.75284
0.524609
0.131443
0.119569
1.49482
1.67007
0.08878
1.9154
1.82319
0.419188
1.14909
0.024618
0.005878
1.72531
0.529583
1.76556
1.32449
1.76493
1.68523
1.39532
0.184571
1.20124
1.87152
0.701567
0.006581
1.85431
0.789526
0.48151
0.683121
1.82653
1.77733
1.23792
0.071921
1.00437
0.225565
0.672629
1.9611
2.02405
1.93798
1.29279
1.77012
1.96534
1.86074
0.028
2.00626
1.74295
1.32722
1.33008
1.80853
0.071513
0.623705
1.89154
0.046024
1.93351
0.481021
2.09043
0.540808
1.66758
1.76006
1.76453
1.67454
0.314011
1.7968
2.04775
1.30308
1.72027
1.1596
0.046543
1.53151
1.82833
1.81842
1.76992
1.81867
1.87797
1.9369
1.43777
1.19394
1.77222
1.75959
0.354839
0.015526
1.49183
1.69089
0.310151
1.57
1.86163
1.4626
1.92135
0.081021
1.90634
1.90054
2.04958
0.723905
1.92261
1.47473
0.385181
0.502333
1.3694
1.9687
1.90133
0.28618
1.96726
2.01349
1.97456
0.371832
1.9942
1.96096
0.619377
1.73375
1.2327
1.70163
0.91105
1.94869
2.00617
0.010296
0.167283
1.30529
0.466851
1.92273
1.1503
0.744183
0.15831
1.4974
1.81934
1.82047
1.97985
0.465635
1.96209
1.65222
1.92674
0.352027
1.05318
2.02259
1.86326
0.101649
0.299958
