5.9e-05
2.4e-05
0.000198
2.2e-05
2.4e-05
2.4e-05
2.3e-05
2.4e-05
2.1e-05
0.00173
2.5e-05
0.031752
0.286265
2.8e-05
2.9e-05
5.9e-05
2.9e-05
0.0281
2.6e-05
0.000136
2.5e-05
2.6e-05
2.3e-05
0.002262
2.8e-05
0.000137
8.9e-05
2.7e-05
2.4e-05
2.4e-05
2.5e-05
2.2e-05
2.2e-05
2.3e-05
2.1e-05
2.5e-05
2.4e-05
2.8e-05
2.4e-05
0.341789
3.8e-05
3e-05
0.03014
3.2e-05
0.061536
2.8e-05
2.6e-05
0.002231
2.6e-05
2.2e-05
2.4e-05
2e-05
2.6e-05
0.027819
2.6e-05
2.7e-05
0.066031
2.7e-05
2.9e-05
0.039589
2.4e-05
9.2e-05
2.3e-05
2.7e-05
2.6e-05
0.113995
2.6e-05
2.6e-05
2.5e-05
2.2e-05
2.5e-05
2.5e-05
2.6e-05
2.3e-05
2.5e-05
2.2e-05
2.5e-05
2.1e-05
2.5e-05
2.3e-05
2e-05
2.4e-05
2e-05
0.036464
2.6e-05
2.9e-05
2.6e-05
2.3e-05
2.5e-05
2.2e-05
2.4e-05
2.6e-05
2.3e-05
0.041216
2.5e-05
2.6e-05
2.5e-05
2.6e-05
2.6e-05
2.2e-05
0.002338
2.6e-05
2.6e-05
2.4e-05
0.063137
3e-05
2.1e-05
2.6e-05
2.7e-05
2.9e-05
2.3e-05
0.000281
2.5e-05
2.4e-05
2.3e-05
2.6e-05
2.6e-05
3.1e-05
0.001057
2.7e-05
2.8e-05
2.1e-05
2.5e-05
2.5e-05
2.4e-05
2.3e-05
2.4e-05
2.4e-05
9.7e-05
2.4e-05
2.3e-05
0.010125
2.4e-05
2.4e-05
2.6e-05
2.6e-05
1.3e-05
2.3e-05
2.4e-05
2.7e-05
2.4e-05
2.5e-05
2.4e-05
2.5e-05
2.2e-05
2e-05
2.2e-05
1.9e-05
2.4e-05
2.4e-05
2.1e-05
2.2e-05
2.1e-05
0.142787
3e-05
2.6e-05
2.5e-05
2.7e-05
2.6e-05
0.016568
0.040652
0.004337
2.6e-05
1.8e-05
2.6e-05
0.120328
3.2e-05
3.1e-05
2.8e-05
3e-05
2.9e-05
3.1e-05
3e-05
3e-05
6.8e-05
4.5e-05
3.2e-05
0.001035
2.9e-05
2.6e-05
2.6e-05
2.2e-05
2.6e-05
2.2e-05
2.5e-05
2.5e-05
2.2e-05
1.9e-05
0.003701
2.3e-05
2.6e-05
0.015256
0.02385
2.4e-05
2.4e-05
2.5e-05
0.010901
0.001649
2.5e-05
2.7e-05
2.5e-05
0.053279
2.1e-05
2.7e-05
0.058516
2.8e-05
0.15686
2.7e-05
2.5e-05
0.014952
2.5e-05
2.5e-05
0.001042
2.4e-05
0.320717
3.4e-05
0.014143
2.4e-05
2.8e-05
2.6e-05
1.8e-05
2.4e-05
3.4e-05
0.051901
2.1e-05
2.8e-05
2.7e-05
2.5e-05
0.001877
2.4e-05
2.5e-05
2.2e-05
2.4e-05
2.3e-05
0.004182
2.7e-05
2.5e-05
2.4e-05
2.7e-05
2.7e-05
0.00043
2.6e-05
2.6e-05
2.4e-05
2e-05
2.4e-05
2.4e-05
0.000502
2.6e-05
2.4e-05
0.013554
2.6e-05
2.2e-05
2.7e-05
0.007908
2.3e-05
2.6e-05
2.4e-05
2.2e-05
2.5e-05
2.3e-05
2.1e-05
2.4e-05
2.2e-05
2.3e-05
2.1e-05
0.115039
0.006463
7.4e-05
0.014415
6e-05
2.3e-05
0.013024
2.8e-05
2.5e-05
2.3e-05
2.2e-05
2.5e-05
2.5e-05
2.2e-05
2.3e-05
2.3e-05
0.001001
1.5e-05
0.000744
0.014316
2.4e-05
2.2e-05
2.3e-05
2.3e-05
2.1e-05
2.4e-05
2.3e-05
2.5e-05
2.3e-05
2.7e-05
0.000912
2.7e-05
2.8e-05
2.3e-05
0.0017
2.3e-05
2.6e-05
2.5e-05
1.7e-05
2.6e-05
2.4e-05
2.2e-05
0.013464
0.064776
2.3e-05
2.6e-05
2.1e-05
2.3e-05
2.4e-05
2.1e-05
2.5e-05
2.4e-05
2.3e-05
2.7e-05
0.001007
2.2e-05
2.5e-05
0.01488
2.5e-05
2.8e-05
2e-05
0.000437
2.5e-05
0.052609
2.4e-05
2.4e-05
2.6e-05
2.2e-05
0.009687
0.07291
2.8e-05
2.3e-05
0.026317
0.000464
2.4e-05
2.3e-05
2.5e-05
2.1e-05
2.2e-05
0.000858
0.018834
3e-05
2.9e-05
0.065607
2.8e-05
9.8e-05
2.2e-05
2.5e-05
2.2e-05
2.5e-05
0.036077
2.7e-05
0.014555
0.006625
2.4e-05
2.9e-05
1.8e-05
2.7e-05
1.6e-05
2.4e-05
2.5e-05
2.6e-05
2.6e-05
2.2e-05
0.003522
2.5e-05
0.000494
2.6e-05
2.5e-05
2.5e-05
2.5e-05
2.4e-05
0.003297
2.3e-05
0.001714
0.003762
2.5e-05
2.4e-05
2.7e-05
2.5e-05
1.7e-05
2.3e-05
2.2e-05
2.1e-05
2.5e-05
0.261916
3e-05
2.8e-05
2.7e-05
2.6e-05
2.8e-05
2.6e-05
2.4e-05
0.00045
0.000848
2.3e-05
2.3e-05
2.6e-05
2.6e-05
2.5e-05
2.4e-05
2.1e-05
2.8e-05
2.4e-05
2.3e-05
2.6e-05
0.440235
0.23131
3.2e-05
2.5e-05
2.6e-05
2.8e-05
2.7e-05
2.7e-05
2e-05
2.7e-05
0.001894
2.8e-05
2.4e-05
0.309082
0.009857
2.5e-05
2.5e-05
2.7e-05
2.2e-05
2.6e-05
2.4e-05
2.6e-05
2.5e-05
0.000241
2.4e-05
2.4e-05
2.3e-05
2.4e-05
2.6e-05
1.4e-05
2.3e-05
2.3e-05
2.5e-05
2.3e-05
2.2e-05
2.6e-05
1.9e-05
2e-05
2.4e-05
2.2e-05
2.4e-05
1.7e-05
1.7e-05
2.5e-05
2.7e-05
0.233147
3e-05
0.016318
2.6e-05
0.232827
3.2e-05
3.2e-05
3e-05
3.3e-05
3e-05
0.006889
3e-05
0.013673
3e-05
0.265938
0.001703
2.7e-05
2.5e-05
2.6e-05
2.6e-05
2.7e-05
1.3e-05
2.3e-05
2.3e-05
2.3e-05
0.222882
3e-05
3e-05
2.6e-05
2.1e-05
2.4e-05
2.4e-05
0.000439
0.01622
0.041567
2.8e-05
2.6e-05
2.7e-05
0.008254
2e-05
2.5e-05
2.8e-05
2.3e-05
2.2e-05
0.003347
2.6e-05
2.6e-05
0.000162
2.4e-05
2.1e-05
0.006913
0.001093
0.000778
2.7e-05
2.2e-05
1.1e-05
2.6e-05
0.000448
1.7e-05
2.2e-05
2.2e-05
0.001781
2.4e-05
2.5e-05
0.128832
3e-05
2.6e-05
2.4e-05
0.072789
0.010312
3.3e-05
3.2e-05
2.6e-05
2.7e-05
2.9e-05
2.8e-05
2.6e-05
3.2e-05
0.031803
3e-05
3.1e-05
2.3e-05
2.3e-05
0.458659
0.039869
0.102492
2.4e-05
0.00026
0.008603
2.7e-05
2.5e-05
2.4e-05
2.6e-05
2.1e-05
2.6e-05
2.5e-05
2.4e-05
2.2e-05
2.5e-05
2.4e-05
0.000934
2.8e-05
2.5e-05
0.01921
2.7e-05
1.7e-05
0.001596
2.5e-05
2.5e-05
2.3e-05
2.6e-05
0.00097
2.4e-05
2.5e-05
2.3e-05
2.3e-05
0.075192
0.000273
2.3e-05
2.3e-05
2.4e-05
1.9e-05
2.8e-05
0.001679
2.8e-05
2.7e-05
2.4e-05
2e-05
2.4e-05
2.6e-05
2.7e-05
0.085372
2.9e-05
2.9e-05
0.0588
3e-05
2.4e-05
0.000449
2.4e-05
2.3e-05
2.6e-05
0.239102
3.2e-05
2.6e-05
2.3e-05
0.057432
0.000276
0.01462
2.5e-05
2.4e-05
0.000245
2.7e-05
2.6e-05
1.8e-05
2.3e-05
1.2e-05
2.6e-05
0.015259
2.7e-05
0.008622
2.7e-05
2.3e-05
0.002637
2.9e-05
1.5e-05
2.7e-05
2.5e-05
2.5e-05
0.053158
0.0005
0.001091
2.7e-05
2.5e-05
0.025699
2.7e-05
0.000165
0.258901
3.2e-05
0.040387
2.4e-05
0.006519
0.020655
2.8e-05
2.4e-05
2.3e-05
2.3e-05
0.015198
2.6e-05
0.02678
2.8e-05
1.9e-05
2.5e-05
4.5e-05
2.6e-05
0.128812
3e-05
0.026201
2.8e-05
2.6e-05
2.7e-05
0.144911
2.9e-05
3.3e-05
0.117047
3.3e-05
3.1e-05
3.1e-05
3e-05
0.000895
3.1e-05
4.5e-05
0.003434
3.1e-05
3.2e-05
2.9e-05
0.013496
2.8e-05
3.2e-05
0.000775
3.1e-05
2.9e-05
3.1e-05
2.2e-05
3.3e-05
2.9e-05
3.1e-05
2.5e-05
2.7e-05
2.7e-05
2.7e-05
2.6e-05
2.7e-05
0.017539
3.1e-05
2.9e-05
0.018464
3.6e-05
3.8e-05
0.028556
3.2e-05
3e-05
2.8e-05
0.004183
0.012078
2.8e-05
0.028478
3.2e-05
3.1e-05
3e-05
0.000575
3.1e-05
2.8e-05
3e-05
0.060961
2.9e-05
0.035001
0.010574
0.002059
3e-05
2.4e-05
2.2e-05
2.5e-05
2.3e-05
2.3e-05
2e-05
2.5e-05
2.3e-05
2.5e-05
2.5e-05
2.3e-05
0.000267
1.4e-05
0.222944
3.2e-05
2.8e-05
2.7e-05
2.6e-05
2.6e-05
0.063687
2.8e-05
2.6e-05
0.317191
3.3e-05
0.00418
2.4e-05
0.067192
2.9e-05
2.6e-05
2.5e-05
0.000162
0.108527
3.3e-05
3.3e-05
2.8e-05
2.6e-05
0.22101
3e-05
0.066958
2.6e-05
0.076136
0.0412
2.1e-05
0.014834
2.7e-05
2.2e-05
0.000818
2.5e-05
2.5e-05
2.5e-05
0.020192
2.3e-05
0.00013
2.5e-05
2.1e-05
0.115499
2.5e-05
2.6e-05
0.23103
3.2e-05
2.6e-05
2.5e-05
2.5e-05
2.3e-05
0.056723
2.8e-05
2.7e-05
2.6e-05
0.028303
0.00612
3.6e-05
3e-05
3.5e-05
3.5e-05
2.8e-05
0.066397
2.8e-05
0.02257
4e-05
0.000779
3.3e-05
3.2e-05
3.1e-05
3.4e-05
3.3e-05
3e-05
2.3e-05
9e-05
2.9e-05
2.6e-05
2.8e-05
0.010667
2.7e-05
2.9e-05
2.7e-05
2.6e-05
2.5e-05
2.3e-05
2.8e-05
2.8e-05
2.8e-05
0.065423
2.8e-05
0.057297
2.5e-05
2.6e-05
2.7e-05
2.4e-05
0.318713
3.3e-05
2.8e-05
2.7e-05
2.5e-05
2.6e-05
0.032154
2.4e-05
5e-05
2.7e-05
2.6e-05
2.1e-05
2.3e-05
2.3e-05
2.5e-05
2.5e-05
2.4e-05
2.4e-05
2.3e-05
2.3e-05
2.4e-05
0.000856
2.6e-05
7.1e-05
2.7e-05
9e-05
2.5e-05
1.6e-05
2.5e-05
2.5e-05
2.5e-05
1.8e-05
2.1e-05
2.1e-05
0.480596
0.001836
2.6e-05
0.001811
2.5e-05
2.1e-05
2.2e-05
2.2e-05
2.5e-05
2.4e-05
2.5e-05
2.4e-05
2.1e-05
2e-05
2.4e-05
2.1e-05
2.3e-05
2e-05
2.3e-05
2.3e-05
1.9e-05
2.4e-05
2.6e-05
2.3e-05
2.4e-05
2.7e-05
2.3e-05
2.3e-05
2.3e-05
5.4e-05
2.2e-05
2.2e-05
2.2e-05
2.1e-05
2e-05
2.2e-05
0.028667
0.062416
4.2e-05
3e-05
3.1e-05
0.114569
1.9e-05
0.206372
2.7e-05
2.8e-05
0.015201
0.028847
2.7e-05
2.9e-05
2.5e-05
1.9e-05
0.001904
2.7e-05
2.5e-05
2.6e-05
2.9e-05
2.4e-05
0.416281
3.1e-05
0.000299
0.002098
2.2e-05
0.013411
2.5e-05
2.8e-05
2e-05
2.7e-05
2e-05
2.7e-05
0.012966
2.5e-05
2.4e-05
2.4e-05
0.016312
2.4e-05
2.6e-05
2.4e-05
1.8e-05
2.6e-05
2.2e-05
2.2e-05
2.4e-05
2.3e-05
2e-05
2.6e-05
0.056679
2.8e-05
1.3e-05
2.6e-05
1.1e-05
2.3e-05
2.2e-05
2.5e-05
2.4e-05
2.6e-05
2.3e-05
2.3e-05
2.4e-05
2.4e-05
2.4e-05
1.9e-05
2e-05
2.5e-05
2.2e-05
2.6e-05
1.9e-05
0.011229
2.6e-05
2.5e-05
2.2e-05
2e-05
2.4e-05
1.7e-05
2e-05
2.3e-05
2.5e-05
2e-05
0.025541
4.2e-05
0.035604
2.9e-05
8.1e-05
3e-05
2.9e-05
0.07523
2e-05
0.058538
2.6e-05
2.9e-05
2.4e-05
2.3e-05
2e-05
2.7e-05
2.5e-05
0.000657
2.6e-05
2.5e-05
2.5e-05
2.4e-05
2.1e-05
2.5e-05