0.010049
0.015668
0.009
0.016074
0.016391
0.005644
0.004691
0.012505
0.00915
0.007195
0.004041
0.000102
0.016248
0.012395
0.001971
0.012963
0.004016
0.007318
0.011444
0.013971
0.009726
0.002797
0.003323
0.011271
0.0095
0.008008
0.01395
0.013932
0.003084
0.013388
0.014754
0.010633
0.002003
0.005421
0.001879
0.015953
0.003965
0.01183
0.006948
0.000257
0.005783
0.00923
0.017315
0.018895
0.005274
0.004808
0.002285
0.002391
0.004859
0.014516
0.000317
0.00439
0.019706
0.009407
0.01923
0.017877
0.000898
0.011393
0.002432
0.000488
0.005146
0.001884
0.004477
0.011257
0.009631
0.003826
0.014574
0.01484
0.016019
0.0035
0.012943
0.015389
0.000852
0.006545
0.014841
0.015819
0.007565
0.008306
0.000352
0.001695
0.003123
0.004936
0.016197
0.017083
0.012978
0.001746
0.000952
0.001124
0.002583
0.002821
0.003444
0.010981
0.012559
0.016201
0.011778
0.01668
0.006688
0.012597
0.006335
0.005176
0.015425
0.016183
0.016506
0.01262
0.013027
0.012341
0.01745
0.004768
0.012293
0.003196
0.004819
0.012125
0.003382
0.012565
0.012351
0.007104
0.004727
0.014562
0.004624
0.004337
0.01233
0.001013
0.014792
0.012885
0.014791
0.008677
0.014295
0.01582
0.009358
0.009249
0.005864
0.016202
0.000838
0.003597
0.013061
0.001986
0.000127
0.014174
0.01439
0.005556
0.016185
0.017714
0.012072
0.005676
0.015772
0.001119
0.01913
0.01165
0.013155
0.008268
0.00955
0.006036
0.010246
0.008165
0.002895
0.011645
0.012243
0.001116
0.013086
0.006966
0.006097
0.01158
0.012566
0.009503
0.006983
0.017085
0.017922
0.016859
0.012471
0.00669
0.005518
0.005773
0.000378
0.007028
0.002025
0.007928
0.017221
0.014813
0.003254
0.010291
0.009641
0.00204
0.003965
0.013947
0.000953
0.000492
0.014585
0.006255
0.012421
0.011998
0.024142
0.014182
0.013747
0.008699
0.017206
0.013834
0.003715
0.018202
0.01221
0.008836
0.014224
0.00441
0.005147
0.009559
0.008207
0.001724
0.009959
0.014868
0.003482
0.010067
0.01744
0.009074
0.014483
0.00986
0.000543
0.00857
0.005652
0.010894
0.006076
0.018066
0.015246
0.002602
0.004922
0.008891
0.003655
0.009784
0.00306
0.00243
0.015162
0.01669
0.015216
0.000244
0.001736
0.010428
0.019693
0.000353
0.013183
0.000216
0.009394
0.013538
0.013571
0.009651
0.000648
0.006104
0.014579
0.015655
0.010108
0.00594
0.013479
0.002738
0.007942
0.008189
0.00442
0.012816
0.003831
0.007726
0.008774
0.014201
0.009199
0.013233
0.009592
0.015566
0.005195
0.009077
0.009313
0.000528
0.009491
0.015728
0.009705
0.000543
0.013908
0.016499
0.00604
0.004703
0.003524
0.00583
0.017212
0.009929
0.016082
0.001693
0.014665
0.017244
0.014545
0.010939
0.010302
0.000557
0.004875
0.015062
0.01622
0.009815
0.012646
0.014049
0.003459
0.016903
0.000134
0.015122
0.013605
0.017823
0.013003
0.015919
0.015289
0.015631
0.011271
0.006444
0.011263
0.013568
0.006353
0.00865
0.001847
0.013393
0.000359
0.008436
0.005548
0.023039
0.004311
0.009572
0.005436
0.011538
0.010698
0.021839
0.012538
0.009257
0.014469
0.017438
0.006807
0.014103
0.005539
0.006921
0.011026
0.010479
0.013368
0.003019
0.003319
0.007006
0.000238
0.004335
0.015543
0.017197
0.017612
0.007546
0.00799
0.01391
0.001103
0.015032
0.005278
0.016835
0.016344
0.00525
0.004489
0.00317
0.008838
0.008818
0.002443
0.004405
0.001503
0.00038
0.014523
0.016336
0.00021
0.001839
0.01662
0.002875
0.014311
0.007541
0.004586
0.002356
0.008516
0.008509
0.010675
0.015212
0.004173
0.017029
0.003812
0.01003
0.012251
0.007911
0.010983
0.002488
0.015763
0.003134
0.014502
0.002088
0.004314
0.013335
0.007723
0.015568
0.002443
0.016404
0.00362
0.004666
0.005371
0.011709
0.017094
0.002849
0.00893
0.006428
0.001775
0.004692
0.004805
0.011086
0.008017
0.013
0.003689
0.008491
0.00224
0.011405
0.017213
0.0064
0.017055
0.014023
0.001838
0.000115
0.01719
0.010168
0.015322
0.004869
0.003155
0.013154
0.001745
0.010024
0.007636
0.007265
0.00154
0.009572
0.010733
0.016886
0.005148
0.01078
0.001506
0.009297
0.000261
0.006965
0.002133
0.000343
0.00101
0.001316
0.004001
0.005864
0.012577
0.016776
0.010074
0.013835
0.003207
0.005241
0.003317
0.011365
0.004733
0.007983
0.004786
0.013139
0.01013
0.012631
0.009239
0.00856
0.022446
0.018121
0.005877
0.001296
0.004425
0.011759
0.011446
0.003843
0.013365
0.000453
0.013629
0.000355
0.017484
0.017161
0.009797
0.014528
0.014515
0.013901
0.009857
0.002952
0.016576
0.007857
0.013246
0.011125
0.003586
0.009084
0.003534
0.006734
0.014509
0.008588
0.012213
0.00999
0.005476
0.007228
0.013058
0.00139
0.012431
0.00387
0.017255
0.002486
0.003114
0.000612
0.01593
0.012802
0.010694
0.017897
0.009928
0.015371
0.011816
0.01109
0.016659
0.000437
0.013268
0.015579
0.014779
0.003231
0.01779
0.00731
0.014076
0.002197
0.015765
0.008728
0.000164
0.00582
0.004595
0.010704
0.001724
0.004049
0.017078
0.001119
0.007972
0.000256
0.014965
0.011999
0.012653
0.010986
0.004412
0.013433
0.003663
0.000246
0.006435
0.005229
0.014634
0.015437
0.010906
0.020864
0.004232
0.011304
0.000155
0.012696
0.010428
0.002823
0.0147
0.002371
0.01582
0.009272
0.003212
0.00121
0.014734
0.008081
0.009854
0.00242
0.002833
0.009112
0.007304
0.011051
0.001878
0.008568
0.014215
0.017165
0.003864
0.013784
0.012034
0.002656
0.013456
0.014631
0.008759
0.001489
0.015748
0.011258
0.006967
0.004995
0.00395
0.013802
0.004167
0.000775
0.008991
0.005768
0.001503
0.004215
0.000456
0.004817
0.002505
0.003017
0.01697
0.001344
0.020708
0.000771
0.003619
0.012843
0.006391
0.000103
0.004543
0.010168
0.001385
0.007806
0.014223
0.003464
0.016897
0.015636
0.011301
0.004589
0.015083
0.008296
0.00077
0.013257
0.005692
0.014311
0.004272
0.005802
0.00227
0.009529
0.00489
0.00468
0.012033
0.002106
0.013013
0.006419
0.015349
0.006305
0.014558
0.010427
0.010593
0.01237
0.013699
0.007095
0.017543
0.017268
0.00582
0.002094
0.000735
0.009742
0.015183
0.009156
0.011332
0.009247
0.005181
0.00731
0.001776
0.006067
0.007621
0.002987
0.008969
0.01028
0.009937
0.003624
0.01481
0.010435
0.011159
0.003102
0.011647
0.014046
0.009896
0.008335
0.002503
0.011528
0.013971
0.009701
0.006606
0.012315
0.011108
0.004261
0.012823
0.00106
0.011379
0.009558
0.014211
0.01038
0.000488
0.007003
0.016168
0.015687
0.00954
0.01441
0.007392
0.01948
0.012619
0.018688
0.000779
0.009756
0.002426
0.014814
0.001119
0.015044
0.005071
0.00269
0.013588
0.004659
0.007441
0.014512
0.00599
0.00068
0.011424
0.010013
0.000577
0.017381
0.0039
0.008951
0.005316
0.008899
0.007005
0.00997
0.015083
0.017038
0.007404
0.013393
0.005487
0.00086
0.00729
0.006692
0.018631
0.003453
0.003884
0.013149
0.008892
0.012165
0.016536
0.000331
0.00019
0.011284
0.004776
0.020299
0.00313
0.017428
0.00727
0.017014
0.006499
0.008354
0.000385
0.009418
0.001768
0.003549
0.011122
0.014961
0.001592
0.019082
0.014265
0.011062
0.01024
0.013416
0.003073
0.001097
0.00456
0.012335
0.008482
0.009629
0.00841
0.003758
0.008474
0.008793
0.008813
0.0174
0.005253
0.011675
0.002678
0.015205
0.004522
0.00285
0.001269
0.014808
0.014515
0.008395
0.013701
0.005449
0.016984
0.017496
0.003684
0.014817
0.010245
0.01247
0.011419
0.003082
0.012933
0.000159
0.011386
0.008997
0.017543
0.010551
0.008886
0.005049
0.000845
0.017213
0.008414
0.001367
0.014249
0.014071
0.012887
0.009819
0.007661
0.012684
0.01688
0.002544
0.016114
0.002089
0.002976
0.010295
0.00755
0.013744
0.013177
0.011799
0.001413
0.010928
0.013952
0.016804
0.004713
0.002816
0.017394
0.014457
0.008603
0.018519
0.002499
0.000172
0.010746
0.002364
0.01501
0.005574
0.017743
0.007149
0.01324
0.002458
0.014216
0.016827
0.006585
0.004063
0.011028
0.016408
0.012074
0.016879
0.011889
0.002529
0.00025
0.004282
0.001735
0.013168
0.014411
0.010988
0.002627
0.004084
0.002668
0.001972
0.005224
0.004155
0.01197
0.003558
0.016877
0.004568
0.007584
0.011616
0.005925
0.00712
0.004975
0.011691
0.011973
0.01081
0.013455
0.015352
0.023299
0.017704
0.013152
0.017536
0.001641
0.002728
0.000267
0.018116
0.003296
0.014512
0.017533
0.000386
0.014516
0.008544
0.009909
0.008951
0.01376
0.006512
0.002609
0.014394
0.010103
0.014508
0.015514
0.013962
0.014908
0.006372
0.003403
0.010429
0.004707
0.023053
0.018428
0.011714
0.005102
0.021014
0.008294
0.008558
0.004269
0.000879
0.004757
0.00902
0.012426
0.016014
0.016271
0.012712
0.011061
0.0115
0.016441
0.000426
0.015113
0.008968
0.004506
0.009153
0.015438
0.01278
0.006154
0.002503
0.012872
0.006988
0.016881
0.016529
0.009577
0.015679
0.01488
0.015667
0.015892
0.011113
0.001693
0.007989
0.004653
0.001606
0.00091
0.004928
0.015879
0.014399
0.003996
0.01075
0.015282
0.009234
0.005545
0.018049
0.005423
0.017686
0.012154
0.015392
0.00463
0.005689
0.015964
0.000589
0.008052
0.007862
0.004074
0.014915
0.003058
0.012854
0.006451
0.011605
0.008258
0.002918
0.004366
0.015789
0.001082
0.010715
0.00986
0.016538
0.007478
0.0134
0.003531
0.005597
0.009882
0.017059
0.01073
0.012689
0.000262
0.013097
0.005841
0.019851
0.006328
0.00279
0.011526
0.008422
0.003904
0.005023
0.015735
0.011808
0.007232
0.01702
0.008243
0.002365
0.019789
0.019066
0.003008
0.009323
0.021418
0.017855
0.009719
0.008528
0.012461
0.011134
0.002952
0.001693