2.11406
1.26355
2.36029
2.42059
2.56568
2.38073
0.534831
1.23852
2.36939
1.31546
2.7099
2.83545
2.79541
2.71723
0.017778
2.2286
0.111732
1.74844
2.4914
1.71859
2.51885
0.287584
2.65441
3.03973
3.63044
3.48442
0.535935
1.59835
3.52836
2.04973
2.97694
2.86738
2.7582
0.253568
0.225936
1.77423
0.012676
3.43116
0.914992
1.0191
2.02694
2.13217
1.07048
2.31103
0.093134
0.715255
0.006341
1.46133
2.53255
0.032624
0.538064
1.0506
1.84797
0.438971
0.179476
2.27622
2.27773
2.3323
2.31349
1.87433
0.447972
0.823469
1.86466
2.34837
2.32756
2.26587
2.31516
2.26388
1.10977
1.35268
2.20383
2.3453
2.42132
2.10662
2.27558
2.36691
0.827409
0.92376
0.297104
2.03945
2.11477
2.08584
2.40696
0.027966
1.04156
2.43223
2.16707
2.3249
2.30323
0.944809
2.24665
2.26853
0.07386
2.38209
2.16366
1.7529
2.36911
2.27346
2.38193
0.694489
0.130152
1.68663
2.31169
1.31114
2.47972
2.65966
2.4994
0.974619
1.97534
0.39473
2.38047
2.52742
1.75283
1.20325
2.37768
0.237171
2.44605
1.45385
1.72769
2.42874
0.923054
0.185986
0.42247
2.34192
0.192143
0.748399
2.25002
1.87377
2.28633
1.13665
0.178451
2.31135
1.12788
2.25647
0.664744
1.20903
0.003172
0.019191
2.316
1.64127
0.772499
2.2676
2.57353
0.037728
0.995459
0.424512
2.40673
2.15423
1.13254
2.08318
2.23382
0.342283
2.1769
2.26452
2.30121
2.17283
1.14648
2.17533
2.35962
1.40951
2.28101
2.08408
2.26543
2.37551
2.48046
0.025972
2.30687
0.365966
1.64305
0.808058
0.344933
2.42351
0.200148
1.65806
0.01868
2.34271
1.52383
0.250534
2.29113
2.32843
1.0178
0.019695
2.25697
1.4159
0.343425
2.20113
0.839026
2.18675
2.27384
1.54281
1.61268
0.182876
2.33094
1.47554
1.38657
0.851658
2.38245
1.37695
2.52616
2.26141
2.28505
0.640578
2.2742
2.14119
0.820035
2.04988
2.18977
0.011454
2.27459
2.10894
2.209
0.216819
0.138231
0.573813
0.504229
0.372071
2.16699
0.851655
0.807505
2.10746
1.56972
0.760413
1.41353
0.875054
2.11911
0.755935
2.20354
2.11185
0.300786
0.671049
2.2225
2.06525
0.158295
2.24496
1.86154
0.364468
2.25774
2.12986
2.12815
2.48833
2.18065
0.254793
1.65248
1.15337
0.017323
0.510573
0.809679
0.510595
2.18453
1.53092
0.607597
1.3604
2.20896
2.39285
2.25487
1.85936
2.32177
0.939835
2.16819
2.21933
2.05813
1.75859
0.358548
2.33447
1.77302
2.11363
2.58556
2.45496
1.25226
2.26347
0.004907
2.51287
1.53058
0.00943
1.86876
2.51275
2.33965
2.00613
2.18952
2.50419
0.702227
1.81018
2.1624
0.016972
1.03013
2.43052
0.251308
1.32291
2.43278
1.65221
1.96686
0.015766
2.26992
0.880375
0.487616
2.31562
0.523325
0.029771
1.98849
1.53592
0.845533
0.776237
2.2298
0.152181
2.51961
2.21481
0.011703
0.006819
0.452181
0.222712
2.35558
2.32937
1.85264
1.19884
1.00946
1.71096
2.45256
2.3598
2.54077
0.299636
0.008486
2.33333
0.387362
2.2952
2.15087
1.19263
2.40816
0.991527
2.27367
2.03138
2.07728
1.25619
0.861066
2.30539
0.894462
1.96766
0.069519
2.00904
1.98167
2.01213
1.3896
1.98394
0.027802
1.89048
1.97629
1.4386
1.84798
0.042675
0.711901
1.13858
0.822021
1.49061
2.07663
2.19259
1.5032
1.92277
2.26511
2.19064
1.8875
2.19125
1.17223
2.06511
0.887404
2.0752
1.05267
1.89867
2.19489
0.72557
0.118381
0.072549
0.022526
0.001086
2.09504
0.018175
2.12495
0.053029
0.002706
2.21053
0.1473
0.167374
2.11873
2.07793
2.10171
1.99366
2.16506
0.540557
1.04094
0.699499
2.05854
0.051563
0.523283
2.10829
2.07688
1.39043
2.09616
0.302932
0.592435
2.10817
0.021426
1.81528
0.106265
0.253111
1.52032
1.8298
0.464907
1.27768
1.96339
0.071108
1.4367
1.21125
1.92853
2.02798
1.77602
1.15951
1.91432
0.171837
0.347466
0.17513
2.12037
0.925757
0.376609
1.91354
1.98107
1.91169
1.97357
0.555336
1.96839
1.17719
1.66407
1.25763
0.805079
1.98095
1.93633
0.107782
1.95717
1.97539
0.763715
1.98644
0.442017
1.63805
1.86088
1.31871
1.94933
0.000714
0.005309
0.229306
1.96134
0.040656
0.023207
0.651815
1.93584
0.446774
1.98439
1.74723
1.35602
1.9619
1.83627
1.95659
1.95617
0.370959
1.97868
2.03016
0.885277
1.93812
1.97555
1.96091
1.55057
0.149258
1.98081
1.34364
2.01384
0.074455
0.718761
0.002543
1.971
1.91577
1.72444
1.95454
1.99815
1.84188
1.95488
2.06116
0.191747
2.02115
0.061057
0.905084
2.05937
1.12216
1.10022
1.98649
0.610674
1.77252
0.423072
1.94388
0.311698
1.92849
1.91572
0.141107
2.00433
1.5433
1.60948
1.95782
1.97547
1.96394
2.17414
1.99442
1.95621
1.69158
1.99365
1.87549
1.91388
1.95061
1.86612
1.96283
1.95805
1.98767
0.48074
0.27971
1.15351
1.95989
1.96894
0.111497
1.94055
0.822944
1.97694
1.49658
0.201294
1.6975
0.868062
1.9689
1.7089
1.11515
0.020512
1.12707
0.477576
1.31962
0.000183
0.001723
0.296674
1.06621
1.85631
1.96592
1.98283
0.389897
1.98428
1.96215
0.510773
0.248852
1.76755
0.00376
3.1e-05
0.555861
2.04229
0.158476
1.95388
0.168984
1.99122
1.96791
1.07501
1.982
0.280582
1.99815
1.08761
1.09548
2.02659
1.92912
0.050685
0.018833
1.95404
0.002358
1.93128
0.747965
1.95447
0.248121
0.963725
2.03297
0.135876
1.92792
0.773846
2.01713
1.58617
0.002807
0.012985
0.013985
1.9e-05
1.97216
1.94498
0.465206
1.94581
2.06228
0.822991
0.029131
1.95857
1.79846
1.18446
1.5332
1.95794
0.172993
1.96243
1.6073
0.743738
1.45841
2.1697
0.001222
0.763483
1.73707
1.66604
0.420619
1.69972
1.06741
0.656044
1.50867
1.67053
1.83233
0.048853
0.041362
1.9636
1.39034
2.03751
1.9839
0.537663
1.97171
0.032259
0.567954
0.434016
0.029788
1.9578
1.88964
1.19559
1.98836
1.94694
1.10219
0.69669
0.110214
0.007938
0.093811
1.98827
1.92738
0.150636
1.95629
0.416148
1.98737
1.96453
1.28062
1.76388
1.87348
1.98902
1.70712
1.9777
1.74934
0.024686
1.64148
0.193309
1.7388
1.98953
1.74338
1.99002
1.9505
1.96527
1.91913
0.04944
1.95814
1.85882
1.88535
0.623001
1.44541
0.765871
0.400359
0.789022
1.68399
0.102267
0.005944
1.94034
0.92853
0.602267
1.92317
1.93308
1.59969
1.33687
0.099122
0.11589
0.753149
0.300305
1.17794
1.68559
1.40572
1.86028
1.54726
0.445222
1.40258
1.91834
0.001956
1.94634
1.22938
1.01651
1.80792
1.23496
1.91448
0.09709
2.21927
1.96985
1.71829
0.110546
0.054297
1.88732
1.93782
0.92148
1.87728
0.486621
0.234036
1.97859
0.034182
1.29661
1.6041
1.93522
1.40183
1.72071
1.96323
1.96267
0.009273
0.709801
1.06174
0.664697
0.987132
1.52805
1.99544
0.908246
1.94551
1.93113
1.93637
0.525882
1.95432
0.930737
1.98106
1.9398
0.067231
0.024283
1.46136
1.45894
0.143716
1.85378
1.56328
0.362229
0.071102
0.834829
1.95336
0.84175
0.028281
1.43048
2.31506
1.89414
1.96657
0.500276
0.838123
0.312183
1.313
1.98407
0.430183
0.533059
0.308312
1.15848
2.02421
1.38102
1.96041
1.62082
0.809642
1.99517
0.00168
1.19721
0.112617
1.57728
2.0848
0.910967
2.16294
0.257692
2.2357
0.097713
1.32289
2.28729
2.005
0.335363
0.350162
0.211117
0.477121
2.23889
2.36064
0.190936
1.08825
2.36872
0.915453
2.30828
2.38287
2.43825
2.3954
2.59093
0.378791
1.53327
1.92062
2.12613
0.611082
2.12245
2.11615
2.12468
2.09813
2.35862
2.22101
0.059117
2.3665
2.21717
0.869071
2.05992
1.06841
2.19718
1.06999
2.1867
1.28667
0.120033
2.26378
0.064015
0.441956
2.18007
2.60482
2.10902
1.51206
0.841863
2.04356
0.580962
1.99995
2.11545
2.23022
1.01907
0.777376
2.10001
2.13746
2.10774
0.08437
0.410336
0.310157
0.000179
0.01969
0.75333
2.26988
2.10519
1.18906
2.16732
0.566825
0.44986
1.90538
2.18312
0.063375
0.425576
2.36236
2.44003
1.5781
1.91211
1.27243
0.972309
1.06814
0.264331
2.13537
0.270584
0.137499
1.71809
0.301249
2.12119
0.648891
0.17437
0.148386
1.87
2.11406
0.138487
2.20143
2.12263
0.494598
1.26534
0.031379
0.011232
2.18189
0.610889
2.17332
1.67856
2.10595
2.22323
1.62944
0.186301
1.27107
2.19573
0.815738
0.007384
2.33856
1.04632
0.647803
0.866644
2.11181
2.1587
1.41233
0.06978
0.949456
0.266384
0.742351
2.15464
2.0717
2.08564
1.45889
2.12502
2.03773
2.16345
0.028286
2.1224
2.04413
1.7933
1.62529
2.22384
0.088881
0.900406
2.26523
0.075312
2.1761
0.513072
2.18894
0.597336
1.99398
2.08673
2.10066
2.1218
0.35526
2.06329
2.16375
1.66661
2.02617
1.64575
0.062347
2.00249
2.17904
2.06875
2.046
2.19721
2.20524
2.2021
1.52904
1.26125
1.87171
2.03277
0.426947
0.025127
1.7405
1.92578
0.371883
2.0545
2.39078
1.69196
2.20508
0.085159
2.17683
2.08522
2.24642
0.83535
2.091
1.47577
0.377249
0.558139
1.5064
1.97911
1.98596
0.253349
2.24269
2.11056
2.16937
0.358354
2.24714
2.02091
0.75649
1.77861
1.45628
2.03883
1.05374
2.16318
2.09722
0.012665
0.181226
1.45299
0.53448
2.23573
1.4129
0.857359
0.190975
1.886
2.26518
2.37076
2.12246
0.681433
2.64802
2.13665
2.41177
0.432356
1.37373
2.5453
2.30111
0.140553
0.341406
